1
11
111
1111
1111 1
1111 11
1111 111
1111 1111
1111 1111 1
1111 1111 11
1111 1111 111
1111 1111 1111
1111 1111 1111 1
1111 1111 1111 11
1111 1111 1111 111
1111 1111 1111 1111
1111 1111 1111 1111 1
1111 1111 1111 1111 11
1111 1111 1111 1111 111
1111 1111 1111 1111 1111
1111 1111 1111 1111 1111 1
1111 1111 1111 1111 1111 11
1111 1111 1111 1111 1111 111
1111 1111 1111 1111 1111 1111
1111 1111 1111 1111 1111 1111 1
1111 1111 1111 1111 1111 1111 11
1111 1111 1111 1111 1111 1111 111
1111 1111 1111 1111 1111 1111 1111
1111 1111 1111 1111 1111 1111 1111 1
1111 1111 1111 1111 1111 1111 1111 11
1111 1111 1111 1111 1111 1111 1111 111
1111 1111 1111 1111 1111 1111 1111 1111
