0
00
000
0000
0000 0
0000 00
0000 000
0000 0000
0000 0000 0
0000 0000 00
0000 0000 000
0000 0000 0000
0000 0000 0000 0
0000 0000 0000 00
0000 0000 0000 000
0000 0000 0000 0000
0000 0000 0000 0000 0
0000 0000 0000 0000 00
0000 0000 0000 0000 000
0000 0000 0000 0000 0000
0000 0000 0000 0000 0000 0
0000 0000 0000 0000 0000 00
0000 0000 0000 0000 0000 000
0000 0000 0000 0000 0000 0000
0000 0000 0000 0000 0000 0000 0
0000 0000 0000 0000 0000 0000 00
0000 0000 0000 0000 0000 0000 000
0000 0000 0000 0000 0000 0000 0000
0000 0000 0000 0000 0000 0000 0000 0
0000 0000 0000 0000 0000 0000 0000 00
0000 0000 0000 0000 0000 0000 0000 000
0000 0000 0000 0000 0000 0000 0000 0000
0
00
000
0000
0000 0
0000 00
0000 000
0000 0000
0000 0000 0
0000 0000 00
0000 0000 000
0000 0000 0000
0000 0000 0000 0
0000 0000 0000 00
0000 0000 0000 000
0000 0000 0000 0000
0000 0000 0000 0000 0
0000 0000 0000 0000 00
0000 0000 0000 0000 000
0000 0000 0000 0000 0000
0000 0000 0000 0000 0000 0
0000 0000 0000 0000 0000 00
0000 0000 0000 0000 0000 000
0000 0000 0000 0000 0000 0000
0000 0000 0000 0000 0000 0000 0
0000 0000 0000 0000 0000 0000 00
0000 0000 0000 0000 0000 0000 000
0000 0000 0000 0000 0000 0000 0000
0000 0000 0000 0000 0000 0000 0000 0
0000 0000 0000 0000 0000 0000 0000 00
0000 0000 0000 0000 0000 0000 0000 000
0000 0000 0000 0000 0000 0000 0000 0000
0
00
000
0000
0000 0
0000 00
0000 000
0000 0000
0000 0000 0
0000 0000 00
0000 0000 000
0000 0000 0000
0000 0000 0000 0
0000 0000 0000 00
0000 0000 0000 000
0000 0000 0000 0000
0000 0000 0000 0000 0
0000 0000 0000 0000 00
0000 0000 0000 0000 000
0000 0000 0000 0000 0000
0000 0000 0000 0000 0000 0
0000 0000 0000 0000 0000 00
0000 0000 0000 0000 0000 000
0000 0000 0000 0000 0000 0000
0000 0000 0000 0000 0000 0000 0
0000 0000 0000 0000 0000 0000 00
0000 0000 0000 0000 0000 0000 000
0000 0000 0000 0000 0000 0000 0000
0000 0000 0000 0000 0000 0000 0000 0
0000 0000 0000 0000 0000 0000 0000 00
0000 0000 0000 0000 0000 0000 0000 000
0000 0000 0000 0000 0000 0000 0000 0000
0
00
000
0000
0000 0
0000 00
0000 000
0000 0000
0000 0000 0
0000 0000 00
0000 0000 000
0000 0000 0000
0000 0000 0000 0
0000 0000 0000 00
0000 0000 0000 000
0000 0000 0000 0000
0000 0000 0000 0000 0
0000 0000 0000 0000 00
0000 0000 0000 0000 000
0000 0000 0000 0000 0000
0000 0000 0000 0000 0000 0
0000 0000 0000 0000 0000 00
0000 0000 0000 0000 0000 000
0000 0000 0000 0000 0000 0000
0000 0000 0000 0000 0000 0000 0
0000 0000 0000 0000 0000 0000 00
0000 0000 0000 0000 0000 0000 000
0000 0000 0000 0000 0000 0000 0000
0000 0000 0000 0000 0000 0000 0000 0
0000 0000 0000 0000 0000 0000 0000 00
0000 0000 0000 0000 0000 0000 0000 000
0000 0000 0000 0000 0000 0000 0000 0000
0
00
000
0000
0000 0
0000 00
0000 000
0000 0000
0000 0000 0
0000 0000 00
0000 0000 000
0000 0000 0000
0000 0000 0000 0
0000 0000 0000 00
0000 0000 0000 000
0000 0000 0000 0000
0000 0000 0000 0000 0
0000 0000 0000 0000 00
0000 0000 0000 0000 000
0000 0000 0000 0000 0000
0000 0000 0000 0000 0000 0
0000 0000 0000 0000 0000 00
0000 0000 0000 0000 0000 000
0000 0000 0000 0000 0000 0000
0000 0000 0000 0000 0000 0000 0
0000 0000 0000 0000 0000 0000 00
0000 0000 0000 0000 0000 0000 000
0000 0000 0000 0000 0000 0000 0000
0000 0000 0000 0000 0000 0000 0000 0
0000 0000 0000 0000 0000 0000 0000 00
0000 0000 0000 0000 0000 0000 0000 000
0000 0000 0000 0000 0000 0000 0000 0000
0
00
000
0000
0000 0
0000 00
0000 000
0000 0000
0000 0000 0
0000 0000 00
0000 0000 000
0000 0000 0000
0000 0000 0000 0
0000 0000 0000 00
0000 0000 0000 000
0000 0000 0000 0000
0000 0000 0000 0000 0
0000 0000 0000 0000 00
0000 0000 0000 0000 000
0000 0000 0000 0000 0000
0000 0000 0000 0000 0000 0
0000 0000 0000 0000 0000 00
0000 0000 0000 0000 0000 000
0000 0000 0000 0000 0000 0000
0000 0000 0000 0000 0000 0000 0
0000 0000 0000 0000 0000 0000 00
0000 0000 0000 0000 0000 0000 000
0000 0000 0000 0000 0000 0000 0000
0000 0000 0000 0000 0000 0000 0000 0
0000 0000 0000 0000 0000 0000 0000 00
0000 0000 0000 0000 0000 0000 0000 000
0000 0000 0000 0000 0000 0000 0000 0000
0
00
000
0000
0000 0
0000 00
0000 000
0000 0000
0000 0000 0
0000 0000 00
0000 0000 000
0000 0000 0000
0000 0000 0000 0
0000 0000 0000 00
0000 0000 0000 000
0000 0000 0000 0000
0000 0000 0000 0000 0
0000 0000 0000 0000 00
0000 0000 0000 0000 000
0000 0000 0000 0000 0000
0000 0000 0000 0000 0000 0
0000 0000 0000 0000 0000 00
0000 0000 0000 0000 0000 000
0000 0000 0000 0000 0000 0000
0000 0000 0000 0000 0000 0000 0
0000 0000 0000 0000 0000 0000 00
0000 0000 0000 0000 0000 0000 000
0000 0000 0000 0000 0000 0000 0000
0000 0000 0000 0000 0000 0000 0000 0
0000 0000 0000 0000 0000 0000 0000 00
0000 0000 0000 0000 0000 0000 0000 000
0000 0000 0000 0000 0000 0000 0000 0000
0
00
000
0000
0000 0
0000 00
0000 000
0000 0000
0000 0000 0
0000 0000 00
0000 0000 000
0000 0000 0000
0000 0000 0000 0
0000 0000 0000 00
0000 0000 0000 000
0000 0000 0000 0000
0000 0000 0000 0000 0
0000 0000 0000 0000 00
0000 0000 0000 0000 000
0000 0000 0000 0000 0000
0000 0000 0000 0000 0000 0
0000 0000 0000 0000 0000 00
0000 0000 0000 0000 0000 000
0000 0000 0000 0000 0000 0000
0000 0000 0000 0000 0000 0000 0
0000 0000 0000 0000 0000 0000 00
0000 0000 0000 0000 0000 0000 000
0000 0000 0000 0000 0000 0000 0000
0000 0000 0000 0000 0000 0000 0000 0
0000 0000 0000 0000 0000 0000 0000 00
0000 0000 0000 0000 0000 0000 0000 000
0000 0000 0000 0000 0000 0000 0000 0000
0
00
000
0000
0000 0
0000 00
0000 000
0000 0000
0000 0000 0
0000 0000 00
0000 0000 000
0000 0000 0000
0000 0000 0000 0
0000 0000 0000 00
0000 0000 0000 000
0000 0000 0000 0000
0000 0000 0000 0000 0
0000 0000 0000 0000 00
0000 0000 0000 0000 000
0000 0000 0000 0000 0000
0000 0000 0000 0000 0000 0
0000 0000 0000 0000 0000 00
0000 0000 0000 0000 0000 000
0000 0000 0000 0000 0000 0000
0000 0000 0000 0000 0000 0000 0
0000 0000 0000 0000 0000 0000 00
0000 0000 0000 0000 0000 0000 000
0000 0000 0000 0000 0000 0000 0000
0000 0000 0000 0000 0000 0000 0000 0
0000 0000 0000 0000 0000 0000 0000 00
0000 0000 0000 0000 0000 0000 0000 000
0000 0000 0000 0000 0000 0000 0000 0000
0
00
000
0000
0000 0
0000 00
0000 000
0000 0000
0000 0000 0
0000 0000 00
0000 0000 000
0000 0000 0000
0000 0000 0000 0
0000 0000 0000 00
0000 0000 0000 000
0000 0000 0000 0000
0000 0000 0000 0000 0
0000 0000 0000 0000 00
0000 0000 0000 0000 000
0000 0000 0000 0000 0000
0000 0000 0000 0000 0000 0
0000 0000 0000 0000 0000 00
0000 0000 0000 0000 0000 000
0000 0000 0000 0000 0000 0000
0000 0000 0000 0000 0000 0000 0
0000 0000 0000 0000 0000 0000 00
0000 0000 0000 0000 0000 0000 000
0000 0000 0000 0000 0000 0000 0000
0000 0000 0000 0000 0000 0000 0000 0
0000 0000 0000 0000 0000 0000 0000 00
0000 0000 0000 0000 0000 0000 0000 000
0000 0000 0000 0000 0000 0000 0000 0000
0
00
000
0000
0000 0
0000 00
0000 000
0000 0000
0000 0000 0
0000 0000 00
0000 0000 000
0000 0000 0000
0000 0000 0000 0
0000 0000 0000 00
0000 0000 0000 000
0000 0000 0000 0000
0000 0000 0000 0000 0
0000 0000 0000 0000 00
0000 0000 0000 0000 000
0000 0000 0000 0000 0000
0000 0000 0000 0000 0000 0
0000 0000 0000 0000 0000 00
0000 0000 0000 0000 0000 000
0000 0000 0000 0000 0000 0000
0000 0000 0000 0000 0000 0000 0
0000 0000 0000 0000 0000 0000 00
0000 0000 0000 0000 0000 0000 000
0000 0000 0000 0000 0000 0000 0000
0000 0000 0000 0000 0000 0000 0000 0
0000 0000 0000 0000 0000 0000 0000 00
0000 0000 0000 0000 0000 0000 0000 000
0000 0000 0000 0000 0000 0000 0000 0000
0
00
000
0000
0000 0
0000 00
0000 000
0000 0000
0000 0000 0
0000 0000 00
0000 0000 000
0000 0000 0000
0000 0000 0000 0
0000 0000 0000 00
0000 0000 0000 000
0000 0000 0000 0000
0000 0000 0000 0000 0
0000 0000 0000 0000 00
0000 0000 0000 0000 000
0000 0000 0000 0000 0000
0000 0000 0000 0000 0000 0
0000 0000 0000 0000 0000 00
0000 0000 0000 0000 0000 000
0000 0000 0000 0000 0000 0000
0000 0000 0000 0000 0000 0000 0
0000 0000 0000 0000 0000 0000 00
0000 0000 0000 0000 0000 0000 000
0000 0000 0000 0000 0000 0000 0000
0000 0000 0000 0000 0000 0000 0000 0
0000 0000 0000 0000 0000 0000 0000 00
0000 0000 0000 0000 0000 0000 0000 000
0000 0000 0000 0000 0000 0000 0000 0000
0
00
000
0000
0000 0
0000 00
0000 000
0000 0000
0000 0000 0
0000 0000 00
0000 0000 000
0000 0000 0000
0000 0000 0000 0
0000 0000 0000 00
0000 0000 0000 000
0000 0000 0000 0000
0000 0000 0000 0000 0
0000 0000 0000 0000 00
0000 0000 0000 0000 000
0000 0000 0000 0000 0000
0000 0000 0000 0000 0000 0
0000 0000 0000 0000 0000 00
0000 0000 0000 0000 0000 000
0000 0000 0000 0000 0000 0000
0000 0000 0000 0000 0000 0000 0
0000 0000 0000 0000 0000 0000 00
0000 0000 0000 0000 0000 0000 000
0000 0000 0000 0000 0000 0000 0000
0000 0000 0000 0000 0000 0000 0000 0
0000 0000 0000 0000 0000 0000 0000 00
0000 0000 0000 0000 0000 0000 0000 000
0000 0000 0000 0000 0000 0000 0000 0000
0
00
000
0000
0000 0
0000 00
0000 000
0000 0000
0000 0000 0
0000 0000 00
0000 0000 000
0000 0000 0000
0000 0000 0000 0
0000 0000 0000 00
0000 0000 0000 000
0000 0000 0000 0000
0000 0000 0000 0000 0
0000 0000 0000 0000 00
0000 0000 0000 0000 000
0000 0000 0000 0000 0000
0000 0000 0000 0000 0000 0
0000 0000 0000 0000 0000 00
0000 0000 0000 0000 0000 000
0000 0000 0000 0000 0000 0000
0000 0000 0000 0000 0000 0000 0
0000 0000 0000 0000 0000 0000 00
0000 0000 0000 0000 0000 0000 000
0000 0000 0000 0000 0000 0000 0000
0000 0000 0000 0000 0000 0000 0000 0
0000 0000 0000 0000 0000 0000 0000 00
0000 0000 0000 0000 0000 0000 0000 000
0000 0000 0000 0000 0000 0000 0000 0000
0
00
000
0000
0000 0
0000 00
0000 000
0000 0000
0000 0000 0
0000 0000 00
0000 0000 000
0000 0000 0000
0000 0000 0000 0
0000 0000 0000 00
0000 0000 0000 000
0000 0000 0000 0000
0000 0000 0000 0000 0
0000 0000 0000 0000 00
0000 0000 0000 0000 000
0000 0000 0000 0000 0000
0000 0000 0000 0000 0000 0
0000 0000 0000 0000 0000 00
0000 0000 0000 0000 0000 000
0000 0000 0000 0000 0000 0000
0000 0000 0000 0000 0000 0000 0
0000 0000 0000 0000 0000 0000 00
0000 0000 0000 0000 0000 0000 000
0000 0000 0000 0000 0000 0000 0000
0000 0000 0000 0000 0000 0000 0000 0
0000 0000 0000 0000 0000 0000 0000 00
0000 0000 0000 0000 0000 0000 0000 000
0000 0000 0000 0000 0000 0000 0000 0000
0
00
000
0000
0000 0
0000 00
0000 000
0000 0000
0000 0000 0
0000 0000 00
0000 0000 000
0000 0000 0000
0000 0000 0000 0
0000 0000 0000 00
0000 0000 0000 000
0000 0000 0000 0000
0000 0000 0000 0000 0
0000 0000 0000 0000 00
0000 0000 0000 0000 000
0000 0000 0000 0000 0000
0000 0000 0000 0000 0000 0
0000 0000 0000 0000 0000 00
0000 0000 0000 0000 0000 000
0000 0000 0000 0000 0000 0000
0000 0000 0000 0000 0000 0000 0
0000 0000 0000 0000 0000 0000 00
0000 0000 0000 0000 0000 0000 000
0000 0000 0000 0000 0000 0000 0000
0000 0000 0000 0000 0000 0000 0000 0
0000 0000 0000 0000 0000 0000 0000 00
0000 0000 0000 0000 0000 0000 0000 000
0000 0000 0000 0000 0000 0000 0000 0000
